
7.13
7.13
7.13
7.13
7.13
7.13
7.13
7.13
7.13
7.13
7.13
7.13
7.13
7.13
7.13
7.13
7.13
7.13
7.13
7.13
7.13
7.13
7.13
7.13
7.13
7.13
7.13
7.13
7.13
7.13
7.13
7.13
7.13
7.13
7.13
7.13
7.13
7.13
7.13
7.13
7.13
7.13
7.13
7.13
7.13
7.13
7.13
7.13
7.13
7.13
7.13
7.13
7.13
7.13
7.13
7.13
7.13
7.13
7.13
7.13
7.15
7.15
7.15
7.15
7.16
7.16
7.16
7.16
7.16
7.16
7.16
7.16
7.16
7.16
7.16
7.16
7.16
7.16
7.16
7.16
7.16
7.16
7.16
7.16
7.17
7.18
7.18
7.18
7.18
7.19
7.19
7.19
7.19
7.19
7.19
7.19
7.20
7.20
7.20
7.20
7.20
7.20
7.20
7.20
7.20
7.20
7.20
7.20
7.20
7.20
7.20
7.20
7.20
7.20
7.20
7.20
7.21
7.21
7.22
7.22
7.22
7.22
7.23
7.23
7.23
7.23
7.23
7.23
7.23
7.24
7.24
7.25
7.25
7.25
7.25
7.25
7.25
7.25
7.25
7.25
7.25
7.25
7.25
7.25
7.25
7.25
7.25
7.25
7.25
7.25
7.25
7.25
7.26
7.26
7.26
7.26
7.26
7.26
7.26
7.26
7.26
7.26
7.26
7.26
7.26
7.26
7.26
7.26
7.26
7.26
7.26
7.26
7.26
7.26
7.26
7.26
7.26
7.26
7.26
7.26
7.26
7.26
7.26
7.26
7.26
7.26
7.26
7.26
7.26
7.26
7.26
7.26
7.26
7.26
7.26
7.26
7.26
7.26
7.26
7.26
7.26
7.26
7.26
7.26
7.26
7.26
7.26
7.26
7.26
7.26
7.26
7.26
7.27
7.28
7.28
7.28
7.28
7.28
7.28
7.29
7.29
7.29
7.29
7.30
7.30
7.30
7.30
7.30
7.30
7.30
7.30
7.30
7.30
7.30
7.30
7.31
7.32
7.32
7.32
7.32
7.32
7.32
7.32
7.32
7.32
7.32
7.32
7.33
7.33
7.34
7.34
7.35
7.35
7.35
7.35
7.36
7.37
7.38
7.39
7.39
7.40
7.41
7.41
7.46
7.46
7.54
7.54
7.62
7.63
8.32
8.32
8.32
8.32
8.32
8.32
8.32
8.32
8.32
8.32
8.32
8.32
8.32
8.32
8.32
8.32
8.32
8.32
8.32
8.32
8.32
8.32
8.32
8.32
8.32
8.32
8.32
8.32
8.32
8.32
8.32
8.32
8.32
8.32
8.32
8.32
8.32
8.32
8.32
8.32
8.32
8.32
8.32
8.32
8.34
8.34
8.39
8.39
8.39
8.39
8.39
8.39
8.39
8.39
