
-0.52
-0.33
-0.29
0.00
0.01
0.05
0.22
0.51
0.55
0.64
0.89
1.15
1.40
1.55
1.74
1.89
1.96
1.97
2.14
2.38
2.58
2.83
2.85
2.88
2.88
2.88
2.88
2.88
2.88
2.88
2.88
2.88
2.88
2.88
2.88
2.88
2.88
2.88
2.88
2.88
2.88
2.88
2.88
2.88
2.88
2.88
2.88
2.88
2.88
2.88
2.88
2.88
2.88
2.88
2.88
2.88
2.88
2.88
2.88
2.88
2.88
2.88
2.88
2.88
2.88
2.88
2.88
2.88
2.88
2.88
2.88
2.88
2.88
2.88
2.88
2.88
2.88
2.88
2.88
2.88
2.88
2.88
2.88
2.88
2.88
2.88
2.88
2.88
2.88
2.88
2.88
2.88
2.88
2.88
2.88
2.88
2.88
2.88
2.88
2.88
2.88
2.88
2.88
2.88
2.88
2.88
2.88
2.88
2.88
2.88
2.88
2.88
2.88
2.88
2.88
2.88
2.88
2.88
2.88
2.88
2.88
2.88
2.88
2.88
2.88
2.88
2.88
2.88
2.88
2.88
2.88
2.88
2.88
2.88
2.88
2.88
2.88
2.88
2.88
2.88
2.88
2.88
2.88
2.88
2.88
2.88
2.88
2.88
2.88
2.88
2.88
2.88
2.88
2.88
2.88
2.88
2.88
2.88
2.88
2.88
2.88
2.88
2.88
2.88
2.88
2.88
2.88
2.88
2.88
2.88
2.88
2.88
2.88
2.88
2.88
2.88
2.88
2.88
2.88
2.88
2.88
2.88
2.88
2.88
2.88
2.88
2.88
2.88
2.88
2.88
2.88
2.88
2.88
2.88
2.88
2.88
2.88
2.88
2.88
2.88
2.88
2.88
2.88
2.88
2.88
2.88
2.88
2.88
2.88
2.88
2.88
2.88
2.88
2.88
2.88
2.98
3.22
3.38
3.53
3.63
3.76
3.83
4.06
4.23
4.31
4.42
4.63
4.65
4.66
4.66
4.68
4.68
4.68
4.68
4.68
4.68
4.68
4.68
4.68
4.69
4.69
4.71
4.71
4.71
4.71
4.72
4.72
4.72
4.72
4.72
4.72
4.73
4.73
4.75
4.76
4.76
6.93
6.99
7.70
7.70
7.70
7.70
7.70
7.70
7.70
7.70
7.70
7.70
7.70
7.70
7.70
7.70
7.70
7.70
7.70
7.70
7.70
7.70
7.70
7.70
7.70
7.70
7.70
7.70
7.70
7.70
7.70
7.70
7.70
7.70
7.70
7.70
7.70
7.70
7.70
7.70
7.70
7.70
7.70
7.70
7.70
7.70
7.70
7.70
7.70
7.70
7.70
7.70
7.70
7.70
7.70
7.70
7.70
7.70
7.70
7.70
7.70
7.70
7.70
7.70
7.70
7.70
7.72
