
6.33
6.43
6.57
6.59
6.59
6.59
6.59
6.59
6.59
6.59
6.59
6.59
6.59
6.59
6.59
6.59
6.59
6.59
6.59
6.59
6.59
6.59
6.59
6.59
6.59
6.59
6.59
6.59
6.59
6.59
6.59
6.59
6.59
6.59
6.59
6.59
6.59
6.59
6.59
6.59
6.59
6.59
6.59
6.59
6.59
6.59
6.59
6.59
6.59
6.59
6.59
6.59
6.59
6.59
6.59
6.59
6.59
6.59
6.59
6.59
6.59
6.59
6.59
6.59
6.59
6.59
6.59
6.59
6.59
6.59
6.59
6.59
6.59
6.59
6.59
6.59
6.59
6.59
6.59
6.59
6.59
6.59
6.59
6.59
6.59
6.59
6.59
6.59
6.59
6.59
6.59
6.59
6.59
6.59
6.59
6.59
6.59
6.59
6.59
6.59
6.59
6.59
6.59
6.59
6.59
6.59
6.59
6.59
6.59
6.59
6.59
6.59
6.59
6.59
6.59
6.59
6.59
6.59
6.59
6.59
6.59
6.59
6.59
6.59
6.59
6.59
6.59
6.59
6.59
6.59
6.59
6.59
6.59
6.59
6.59
6.59
6.59
6.59
6.59
6.59
6.59
6.59
6.59
6.59
6.59
6.59
6.59
6.59
6.59
6.59
6.59
6.59
6.59
6.59
6.59
6.59
6.59
6.59
6.59
6.59
6.59
6.59
6.59
6.59
6.59
6.59
6.59
6.59
6.59
6.59
6.59
6.59
6.59
6.59
6.59
6.59
6.59
6.59
6.59
6.59
6.59
6.59
6.59
6.61
6.65
6.66
6.66
6.68
6.71
6.71
6.72
6.72
6.72
6.72
6.72
6.72
6.72
6.72
6.72
6.72
6.73
6.73
6.74
6.74
6.75
6.75
6.76
6.76
6.76
6.76
6.76
6.76
6.76
6.76
6.76
6.76
6.76
6.76
6.76
6.76
6.77
6.77
6.77
6.79
6.79
6.81
6.82
6.82
6.82
6.84
6.85
6.85
6.85
6.85
6.86
6.86
6.86
6.86
6.86
6.87
6.87
6.87
6.87
6.87
6.87
6.87
6.87
6.87
6.87
6.87
6.87
6.88
6.89
6.89
6.89
6.89
6.99
7.21
7.21
7.21
7.21
7.21
7.21
7.21
7.21
7.21
7.21
7.37
7.41
7.78
7.78
7.78
7.78
7.78
7.78
7.78
7.78
7.78
7.78
7.78
7.78
7.78
7.78
7.78
7.78
7.78
7.78
7.78
7.78
7.78
7.78
7.78
7.78
7.78
7.78
7.78
7.78
7.78
7.78
7.78
7.78
7.78
7.78
7.78
7.78
7.78
7.78
7.78
7.78
7.78
7.78
7.78
7.78
7.78
7.78
7.78
7.78
7.78
7.78
7.78
7.78
7.78
7.80
