
7.37
7.37
7.38
7.39
7.39
7.44
7.44
7.44
7.44
7.44
7.47
7.48
7.48
7.50
7.51
7.51
7.51
7.52
7.52
7.53
7.53
7.53
7.53
7.54
7.55
7.56
7.56
7.56
7.57
7.57
7.57
7.57
7.58
7.58
7.58
7.59
7.61
7.61
7.61
7.62
7.63
7.63
7.63
7.63
7.63
7.64
7.65
7.66
7.66
7.67
7.67
7.67
7.67
7.68
7.68
7.68
7.68
7.68
7.69
7.69
7.69
7.70
7.70
7.71
7.71
7.71
7.74
7.75
7.75
7.76
7.77
7.77
7.77
7.77
7.77
7.78
7.78
7.79
7.80
7.80
7.80
7.81
7.81
7.82
7.82
7.82
7.83
7.84
7.87
7.89
7.91
7.91
7.92
7.93
7.93
7.93
7.94
7.94
7.97
7.98
7.99
8.00
8.03
8.05
8.07
8.08
8.10
8.10
8.11
8.11
8.13
8.14
8.21
8.22
8.22
8.23
8.25
8.26
8.37
8.38
8.45
8.46
8.59
8.60
8.71
8.71
8.94
8.94
9.24
9.28
9.31
9.31
9.33
9.35
9.35
9.37
9.38
9.39
9.39
9.39
9.39
9.41
9.41
9.41
9.42
9.42
9.42
9.42
9.43
9.44
9.44
9.44
9.45
9.45
9.45
9.45
9.46
9.46
9.46
9.46
9.46
9.47
9.47
9.47
9.47
9.47
9.48
9.48
9.48
9.48
9.48
9.49
9.49
9.49
9.49
9.50
9.50
9.51
9.51
9.51
9.51
9.51
9.51
9.52
9.52
9.52
9.52
9.52
9.52
9.52
9.52
9.53
9.73
9.74
9.76
9.76
9.76
9.76
9.76
9.76
9.76
9.77
9.77
9.77
9.77
9.78
9.78
9.78
9.78
9.78
9.78
9.78
9.78
9.78
9.78
9.78
9.78
9.78
9.78
9.78
9.78
9.78
9.78
9.78
9.78
9.78
9.78
9.78
9.78
9.78
9.78
9.79
9.79
9.79
9.79
9.79
9.80
9.80
9.80
9.80
9.80
9.80
9.80
9.80
9.80
9.80
9.80
9.80
9.80
9.80
9.80
9.80
9.80
9.80
9.80
9.80
9.80
9.80
9.80
9.80
9.80
9.80
9.80
9.80
9.80
9.80
9.80
9.80
9.80
9.80
9.80
9.80
9.80
9.81
9.81
9.81
9.81
9.81
9.81
9.81
9.81
9.81
9.81
9.81
9.81
9.81
9.81
9.81
9.81
9.81
9.81
9.81
9.81
9.81
9.81
9.81
9.81
9.81
9.81
9.81
9.81
9.81
9.81
9.81
9.81
9.81
9.81
9.81
9.81
9.82
9.82
9.82
9.82
9.82
9.82
9.82
9.82
9.84
9.84
9.84
