
-1.23
-1.10
-0.87
-0.74
-0.57
-0.48
-0.36
-0.16
-0.10
0.22
0.29
0.42
0.53
0.61
0.73
0.74
0.78
0.81
1.01
1.06
1.10
1.23
1.24
1.25
1.32
1.38
1.48
1.53
1.57
1.67
1.75
1.76
1.83
1.88
1.90
1.99
2.03
2.07
2.12
2.18
2.31
2.37
2.39
2.45
2.51
2.58
2.71
2.72
2.72
2.73
2.80
2.89
3.05
3.14
3.17
3.26
3.37
3.38
3.43
3.46
3.70
3.71
3.79
3.82
3.84
3.97
4.03
4.07
4.20
4.32
4.33
4.36
4.45
4.47
4.64
4.67
4.71
4.83
4.87
4.92
4.99
5.05
5.21
5.24
5.28
5.34
5.37
5.48
5.53
5.65
5.70
5.72
5.82
5.83
5.84
5.95
6.02
6.07
6.17
6.20
6.24
6.29
6.35
6.41
6.53
6.57
6.67
6.70
6.78
6.78
6.90
6.90
7.05
7.05
7.21
7.21
7.65
7.65
7.81
7.81
8.18
8.18
8.58
8.58
8.80
8.80
9.13
9.13
9.42
9.42
9.45
9.45
9.45
9.45
9.45
9.45
9.45
9.45
9.45
9.45
9.45
9.45
9.45
9.45
9.45
9.45
9.45
9.45
9.45
9.45
9.45
9.45
9.45
9.45
9.45
9.45
9.45
9.45
9.45
9.45
9.45
9.45
9.45
9.45
9.45
9.45
9.45
9.45
9.45
9.45
9.46
9.46
9.46
9.46
9.46
9.46
9.46
9.46
9.46
9.46
9.46
9.46
9.46
9.46
9.46
9.46
9.46
9.46
9.46
9.46
9.46
9.48
9.79
9.79
9.79
9.79
9.79
9.79
9.79
9.79
9.79
9.79
9.79
9.79
9.79
9.79
9.79
9.79
9.79
9.79
9.79
9.79
9.79
9.79
9.79
9.79
9.79
9.79
9.79
9.79
9.79
9.79
9.79
9.79
9.79
9.79
9.79
9.79
9.79
9.79
9.79
9.79
9.79
9.79
9.79
9.79
9.79
9.79
9.79
9.79
9.79
9.79
9.79
9.79
9.79
9.79
9.79
9.79
9.79
9.79
9.79
9.79
9.79
9.79
9.79
9.79
9.79
9.79
9.79
9.79
9.79
9.79
9.79
9.79
9.79
9.79
9.79
9.79
9.79
9.79
9.79
9.79
9.79
9.79
9.79
9.79
9.79
9.79
9.79
9.79
9.79
9.79
9.79
9.79
9.79
9.79
9.79
9.79
9.79
9.79
9.79
9.79
9.79
9.79
9.79
9.79
9.79
9.79
9.79
9.79
9.79
9.79
9.79
9.79
9.79
9.79
9.79
9.79
9.79
9.79
9.79
9.79
9.79
9.79
9.79
9.79
9.79
9.79
9.79
9.79
