
5.82
5.89
5.89
5.97
5.98
5.98
5.99
6.00
6.00
6.01
6.02
6.02
6.03
6.11
6.13
6.14
6.14
6.16
6.17
6.21
6.22
6.23
6.24
6.27
6.28
6.31
6.36
6.37
6.38
6.40
6.41
6.42
6.44
6.44
6.47
6.47
6.48
6.48
6.50
6.50
6.51
6.51
6.51
6.52
6.54
6.55
6.56
6.56
6.57
6.58
6.58
6.58
6.61
6.61
6.62
6.63
6.63
6.65
6.66
6.67
6.68
6.69
6.72
6.73
6.74
6.76
6.77
6.80
6.80
6.82
6.83
6.87
6.88
6.88
6.88
6.88
6.91
6.91
6.92
6.92
6.93
6.98
6.98
6.99
6.99
7.06
7.06
7.08
7.13
7.13
7.15
7.15
7.20
7.20
7.21
7.21
7.22
7.23
7.27
7.29
7.32
7.32
7.33
7.37
7.38
7.42
7.42
7.48
7.49
7.57
7.60
7.68
7.76
7.80
7.88
7.93
8.03
8.05
8.18
8.21
8.23
8.40
8.40
8.49
8.79
8.83
9.00
9.00
9.32
9.33
9.42
9.42
9.42
9.42
9.42
9.42
9.42
9.42
9.42
9.42
9.42
9.42
9.42
9.42
9.42
9.42
9.42
9.42
9.42
9.42
9.42
9.42
9.43
9.44
9.44
9.44
9.44
9.44
9.44
9.44
9.44
9.44
9.44
9.44
9.44
9.44
9.44
9.44
9.45
9.45
9.45
9.45
9.45
9.45
9.45
9.45
9.45
9.45
9.45
9.45
9.45
9.45
9.45
9.45
9.45
9.45
9.45
9.45
9.45
9.46
9.46
9.48
9.74
9.76
9.76
9.76
9.78
9.79
9.79
9.79
9.79
9.79
9.79
9.79
9.79
9.79
9.79
9.79
9.79
9.79
9.79
9.79
9.79
9.79
9.79
9.79
9.79
9.79
9.79
9.79
9.79
9.79
9.79
9.79
9.79
9.79
9.79
9.79
9.79
9.79
9.79
9.79
9.79
9.79
9.79
9.79
9.79
9.79
9.79
9.79
9.79
9.79
9.79
9.79
9.79
9.79
9.79
9.79
9.79
9.79
9.79
9.79
9.79
9.79
9.79
9.79
9.79
9.79
9.79
9.79
9.79
9.79
9.79
9.79
9.79
9.79
9.79
9.79
9.79
9.79
9.79
9.79
9.79
9.79
9.79
9.79
9.79
9.79
9.79
9.79
9.79
9.79
9.79
9.79
9.79
9.79
9.79
9.79
9.79
9.79
9.79
9.79
9.79
9.79
9.79
9.79
9.79
9.79
9.79
9.79
9.79
9.79
9.79
9.79
9.79
9.79
9.79
9.79
9.79
9.79
9.79
9.79
9.79
9.79
9.79
9.79
9.79
9.80
9.81
9.81
