
2.83
2.87
2.87
2.87
2.87
2.87
2.87
2.87
2.87
2.87
2.87
2.87
2.87
2.87
2.87
2.87
2.87
2.87
2.87
2.87
2.87
2.87
2.87
2.87
2.87
2.87
2.87
2.87
2.87
2.87
2.87
2.87
2.87
2.87
2.87
2.87
2.87
2.87
2.87
2.87
2.87
2.87
2.87
2.87
2.87
2.87
2.87
2.87
2.87
2.87
2.87
2.87
2.87
2.87
2.87
2.87
2.87
2.87
2.87
2.87
2.87
2.87
2.87
2.87
6.74
6.74
6.74
6.74
6.74
6.74
6.74
6.74
6.74
6.74
6.74
6.74
6.74
6.74
6.74
6.74
6.74
6.74
6.74
6.74
6.74
6.74
6.74
6.74
6.74
6.74
6.74
6.74
6.74
6.74
6.74
6.74
6.74
6.74
6.74
6.74
6.74
6.74
6.74
6.74
6.74
6.74
6.74
6.74
6.74
6.74
6.74
6.74
6.74
6.74
6.74
6.74
6.74
6.74
6.74
6.74
6.74
6.74
6.74
6.74
6.83
6.83
6.83
6.87
8.20
8.20
8.20
8.20
8.65
8.66
9.06
9.07
9.15
9.19
9.21
9.36
9.43
9.43
9.43
9.55
9.55
9.55
9.55
9.55
9.55
9.55
9.55
9.55
9.55
9.55
9.55
9.55
9.55
9.55
9.55
9.55
9.55
9.55
9.55
9.55
9.55
9.55
9.55
9.55
9.55
9.55
9.55
9.55
9.55
9.55
9.55
9.55
9.55
9.55
9.55
9.55
9.55
9.55
9.55
9.55
9.55
9.55
9.55
9.55
9.55
9.55
9.55
9.55
9.55
9.55
9.55
9.55
9.55
9.55
9.55
9.55
9.55
9.55
9.55
9.55
9.55
9.55
9.55
9.55
9.55
9.55
9.55
9.55
9.55
9.55
9.55
9.55
9.55
9.55
9.55
9.55
9.55
9.55
9.55
9.55
9.55
9.55
9.55
9.55
9.55
9.55
9.55
9.55
9.55
9.55
9.55
9.55
9.55
9.55
9.55
9.55
9.55
9.55
9.55
9.55
9.55
9.55
9.55
9.55
9.55
9.55
9.55
9.55
9.55
9.55
9.55
9.55
9.55
9.55
9.55
9.55
9.55
9.55
9.55
9.55
9.55
9.55
9.55
9.55
9.55
9.55
9.55
9.55
9.55
9.55
9.55
9.55
9.55
9.55
9.55
9.55
9.55
9.55
9.55
9.55
9.55
9.55
9.55
9.55
9.55
9.55
9.55
9.55
9.55
9.55
9.55
9.55
9.55
9.55
9.55
9.55
9.55
9.55
9.55
9.55
9.55
9.55
9.55
9.55
9.55
9.55
9.55
9.55
9.55
9.55
9.55
9.55
9.55
9.55
9.55
9.55
9.55
9.55
9.55
9.55
9.55
9.55
9.55
9.55
9.55
9.55
9.55
9.55
9.57
9.57
9.57
9.57
9.57
9.57
9.57
9.57
9.57
9.57
9.57
9.57
9.57
9.57
9.57
9.57
9.57
9.57
9.57
9.57
9.57
9.57
9.57
9.57
9.57
9.57
9.57
9.57
9.57
9.57
9.57
9.57
9.57
9.57
9.57
9.57
9.57
9.57
9.57
9.57
9.57
9.57
9.57
9.57
9.57
9.57
9.57
9.57
9.57
9.57
9.57
9.57
9.57
9.57
9.57
9.57
9.57
9.57
9.57
9.57
9.57
9.57
9.57
9.62
