
7.31
7.31
7.31
7.31
7.31
7.31
7.31
7.31
7.31
7.31
7.31
7.31
7.31
7.31
7.31
7.31
7.31
7.31
7.31
7.31
7.31
7.31
7.31
7.31
7.31
7.31
7.31
7.31
7.31
7.31
7.31
7.31
7.31
7.31
7.31
7.31
7.31
7.31
7.31
7.31
7.31
7.31
7.31
7.31
7.31
7.31
7.31
7.31
7.31
7.31
7.31
7.31
7.31
7.31
7.31
7.31
7.31
7.31
7.31
7.31
7.31
7.31
7.31
7.55
7.55
7.55
7.55
7.55
7.55
7.55
7.55
7.55
7.55
7.55
7.55
7.55
7.55
7.55
7.55
7.55
7.55
7.55
7.55
7.55
7.55
7.55
7.55
7.55
7.55
7.55
7.55
7.55
7.55
7.55
7.55
7.55
7.55
7.55
7.55
7.55
7.55
7.55
7.55
7.55
7.55
7.55
7.55
7.55
7.55
7.55
7.55
7.55
7.55
7.55
7.55
7.55
7.55
7.55
7.55
7.55
7.55
7.55
7.55
7.55
7.55
7.55
7.55
7.66
8.65
8.65
8.65
8.65
8.65
8.65
9.05
9.08
9.19
9.28
9.32
9.46
9.48
9.48
9.48
9.51
9.51
9.51
9.51
9.51
9.51
9.51
9.51
9.51
9.51
9.51
9.51
9.51
9.51
9.51
9.51
9.51
9.51
9.51
9.51
9.51
9.51
9.51
9.51
9.51
9.51
9.51
9.51
9.51
9.51
9.51
9.51
9.51
9.51
9.51
9.51
9.51
9.51
9.51
9.51
9.51
9.51
9.51
9.51
9.51
9.51
9.51
9.51
9.51
9.51
9.51
9.51
9.51
9.51
9.51
9.51
9.51
9.51
9.51
9.51
9.51
9.51
9.51
9.51
9.51
9.51
9.51
9.51
9.51
9.51
9.51
9.51
9.51
9.51
9.51
9.51
9.51
9.51
9.51
9.51
9.51
9.51
9.51
9.51
9.51
9.51
9.51
9.51
9.51
9.51
9.51
9.51
9.51
9.51
9.51
9.51
9.51
9.51
9.51
9.51
9.51
9.51
9.51
9.51
9.51
9.51
9.51
9.51
9.51
9.51
9.51
9.51
9.51
9.51
9.51
9.51
9.51
9.51
9.51
9.51
9.51
9.51
9.51
9.51
9.51
9.51
9.51
9.51
9.51
9.51
9.51
9.51
9.51
9.51
9.51
9.51
9.51
9.51
9.51
9.51
9.51
9.51
9.51
9.51
9.51
9.51
9.51
9.51
9.51
9.51
9.51
9.51
9.51
9.51
9.51
9.51
9.51
9.51
9.51
9.51
9.51
9.51
9.51
9.51
9.51
9.51
9.51
9.51
9.51
9.51
9.51
9.51
9.51
9.51
9.51
9.51
9.51
9.51
9.51
9.51
9.51
9.51
9.51
9.51
9.51
9.51
9.51
9.51
9.51
9.61
9.61
9.61
9.61
9.61
9.61
9.61
9.61
9.61
9.61
9.61
9.61
9.61
9.61
9.61
9.61
9.61
9.61
9.61
9.61
9.61
9.61
9.61
9.61
9.61
9.61
9.61
9.61
9.61
9.61
9.61
9.61
9.61
9.61
9.61
9.61
9.61
9.61
9.61
9.61
9.61
9.61
9.61
9.61
9.61
9.61
9.61
9.61
9.61
9.61
9.61
9.61
9.61
9.61
9.61
9.61
9.61
9.61
9.61
9.61
9.61
9.61
9.61
9.62
