
4.08
4.08
4.08
4.08
4.08
4.08
4.08
4.08
4.08
4.08
4.08
4.08
4.08
4.08
4.08
4.08
4.08
4.08
4.08
4.08
4.08
4.08
4.08
4.08
4.08
4.08
4.08
4.08
4.08
4.08
4.08
4.08
4.08
4.08
4.08
4.08
4.08
4.08
4.08
4.08
4.08
4.08
4.08
4.08
4.08
4.08
4.08
4.08
4.08
4.08
4.08
4.08
4.08
4.08
4.08
4.08
4.08
4.08
4.08
4.08
4.08
4.08
4.08
4.19
7.60
7.60
7.60
7.60
7.60
7.60
7.60
7.60
7.60
7.60
7.60
7.60
7.60
7.60
7.60
7.60
7.60
7.60
7.60
7.60
7.60
7.60
7.60
7.60
7.60
7.60
7.60
7.60
7.60
7.60
7.60
7.60
7.60
7.60
7.60
7.60
7.60
7.60
7.60
7.60
7.60
7.60
7.60
7.60
7.60
7.60
7.60
7.60
7.60
7.60
7.60
7.60
7.60
7.60
7.60
7.60
7.60
7.60
7.60
7.60
7.60
7.60
7.60
7.61
8.12
8.12
8.30
8.30
8.31
8.49
8.93
9.13
9.20
9.20
9.30
9.43
9.46
9.47
9.47
9.51
9.51
9.51
9.51
9.51
9.51
9.51
9.51
9.51
9.51
9.51
9.51
9.51
9.51
9.51
9.51
9.51
9.51
9.51
9.51
9.51
9.51
9.51
9.51
9.51
9.51
9.51
9.51
9.51
9.51
9.51
9.51
9.51
9.51
9.51
9.51
9.51
9.51
9.51
9.51
9.51
9.51
9.51
9.51
9.51
9.51
9.51
9.51
9.51
9.51
9.51
9.51
9.51
9.51
9.51
9.51
9.51
9.51
9.51
9.51
9.51
9.51
9.51
9.51
9.51
9.51
9.51
9.51
9.51
9.51
9.51
9.51
9.51
9.51
9.51
9.51
9.51
9.51
9.51
9.51
9.51
9.51
9.51
9.51
9.51
9.51
9.51
9.51
9.51
9.51
9.51
9.51
9.51
9.51
9.51
9.51
9.51
9.51
9.51
9.51
9.51
9.51
9.51
9.51
9.51
9.51
9.51
9.51
9.51
9.51
9.51
9.51
9.51
9.51
9.51
9.51
9.51
9.51
9.51
9.51
9.51
9.51
9.51
9.51
9.51
9.51
9.51
9.51
9.51
9.51
9.51
9.51
9.51
9.51
9.51
9.51
9.51
9.51
9.51
9.51
9.51
9.51
9.51
9.51
9.51
9.51
9.51
9.51
9.51
9.51
9.51
9.51
9.51
9.51
9.51
9.51
9.51
9.51
9.51
9.51
9.51
9.51
9.51
9.51
9.51
9.51
9.51
9.51
9.51
9.51
9.51
9.51
9.51
9.51
9.51
9.51
9.51
9.51
9.51
9.51
9.51
9.51
9.51
9.51
9.51
9.51
9.51
9.51
9.51
9.61
9.61
9.61
9.61
9.61
9.61
9.61
9.61
9.61
9.61
9.61
9.61
9.61
9.61
9.61
9.61
9.61
9.61
9.61
9.61
9.61
9.61
9.61
9.61
9.61
9.61
9.61
9.61
9.61
9.61
9.61
9.61
9.61
9.61
9.61
9.61
9.61
9.61
9.61
9.61
9.61
9.61
9.61
9.61
9.61
9.61
9.61
9.61
9.61
9.61
9.61
9.61
9.61
9.61
9.61
9.61
9.61
9.61
9.61
9.61
9.61
9.61
9.61
9.62
