
7.95
7.95
7.95
7.96
7.96
7.96
7.97
8.00
8.00
8.00
8.02
8.03
8.04
8.04
8.04
8.04
8.04
8.05
8.05
8.06
8.06
8.07
8.08
8.09
8.10
8.10
8.11
8.11
8.11
8.11
8.11
8.11
8.12
8.12
8.12
8.12
8.14
8.14
8.14
8.14
8.14
8.15
8.15
8.15
8.15
8.16
8.16
8.16
8.16
8.17
8.18
8.18
8.18
8.18
8.18
8.19
8.20
8.20
8.20
8.21
8.21
8.21
8.22
8.22
8.23
8.24
8.24
8.24
8.25
8.25
8.26
8.26
8.26
8.27
8.27
8.27
8.27
8.28
8.28
8.28
8.28
8.29
8.29
8.29
8.29
8.29
8.29
8.29
8.30
8.30
8.30
8.30
8.31
8.31
8.31
8.31
8.32
8.32
8.33
8.34
8.34
8.35
8.35
8.36
8.36
8.36
8.37
8.37
8.38
8.38
8.38
8.39
8.39
8.39
8.39
8.40
8.40
8.40
8.41
8.41
8.41
8.41
8.42
8.42
8.42
8.43
8.44
8.45
8.47
8.49
8.49
8.49
8.50
8.52
8.52
8.52
8.52
8.53
8.53
8.53
8.54
8.54
8.55
8.56
8.56
8.56
8.57
8.58
8.60
8.60
8.61
8.63
8.64
8.65
8.65
8.65
8.66
8.67
8.68
8.68
8.69
8.69
8.72
8.72
8.72
8.75
8.79
8.80
8.83
8.84
8.84
8.86
8.87
8.87
8.95
8.96
8.96
8.99
8.99
8.99
9.00
9.11
9.12
9.14
9.21
9.23
9.23
9.30
9.35
9.35
9.39
9.46
9.46
9.46
9.46
9.46
9.48
9.48
9.49
9.49
9.49
9.49
9.49
9.50
9.50
9.50
9.50
9.50
9.50
9.50
9.50
9.50
9.50
9.50
9.50
9.50
9.50
9.50
9.50
9.50
9.50
9.51
9.51
9.51
9.51
9.51
9.51
9.52
9.52
9.52
9.52
9.52
9.52
9.52
9.52
9.52
9.52
9.52
9.52
9.52
9.52
9.52
9.52
9.52
9.52
9.52
9.52
9.52
9.52
9.52
9.52
9.52
9.52
9.52
9.52
9.52
9.52
9.52
9.52
9.52
9.52
9.52
9.52
9.52
9.52
9.52
9.52
9.52
9.52
9.52
9.52
9.52
9.52
9.52
9.52
9.52
9.52
9.52
9.52
9.52
9.52
9.52
9.52
9.52
9.52
9.52
9.52
9.52
9.52
9.52
9.52
9.52
9.52
9.52
9.52
9.52
9.52
9.52
9.52
9.52
9.52
9.52
9.52
9.52
9.52
9.52
9.52
9.52
9.52
9.52
9.52
9.52
9.53
9.53
9.53
9.53
9.53
9.53
9.53
9.53
9.55
9.55
9.55
9.55
9.55
9.55
9.55
9.55
9.55
9.55
9.55
9.55
9.55
9.55
9.55
9.55
9.55
9.55
9.55
9.55
9.55
9.55
9.55
9.55
9.55
9.55
9.55
9.55
9.55
9.55
9.55
9.55
9.55
9.55
9.55
9.55
9.55
9.55
9.55
9.55
9.55
9.55
9.55
9.55
9.55
9.55
9.55
9.55
9.55
9.55
9.55
9.55
9.55
9.55
9.55
9.55
9.55
9.55
9.55
9.55
9.55
9.55
9.55
9.55
9.55
9.55
9.55
9.55
9.55
9.55
9.55
9.55
9.55
9.55
9.55
9.55
9.55
9.55
9.55
9.55
9.55
9.55
9.55
9.55
9.55
9.55
9.55
9.55
9.55
9.55
9.55
9.55
9.55
9.55
9.55
9.55
9.55
9.55
9.55
9.55
9.55
9.55
9.55
9.55
9.55
9.55
9.55
9.55
9.55
9.55
9.55
9.55
9.55
9.55
9.55
9.55
9.55
9.55
9.55
9.55
9.55
9.55
9.55
9.55
9.55
9.55
9.55
9.55
9.80
9.80
9.82
9.82
9.82
9.82
9.82
9.82
9.82
9.82
9.82
9.82
9.82
9.82
9.82
9.82
9.83
9.84
9.84
9.84
9.84
9.84
9.84
9.84
9.84
9.84
9.84
9.84
9.84
9.84
9.84
9.84
9.84
9.84
9.84
9.84
9.84
9.84
9.84
9.84
9.84
9.84
9.84
9.84
9.84
9.84
9.84
9.84
9.84
9.84
9.84
9.84
