
-1.80
-1.63
-1.53
-1.34
-1.17
-0.97
-0.77
-0.57
-0.50
-0.38
-0.24
-0.17
-0.13
0.04
0.08
0.21
0.29
0.42
0.45
0.50
0.64
0.71
0.75
0.81
0.82
0.88
0.89
0.91
0.99
1.01
1.10
1.12
1.15
1.15
1.31
1.31
1.34
1.42
1.44
1.48
1.58
1.60
1.66
1.66
1.68
1.77
1.82
1.94
1.97
1.99
2.09
2.09
2.18
2.26
2.27
2.31
2.37
2.42
2.42
2.54
2.63
2.65
2.65
2.68
2.75
2.79
2.80
2.80
2.85
2.92
3.01
3.02
3.13
3.24
3.25
3.26
3.31
3.33
3.38
3.41
3.47
3.48
3.57
3.67
3.67
3.76
3.90
3.90
3.92
3.96
3.97
4.00
4.07
4.09
4.13
4.25
4.32
4.33
4.35
4.37
4.39
4.47
4.52
4.58
4.58
4.62
4.63
4.72
4.79
4.79
4.82
4.86
4.90
4.96
4.97
4.99
5.04
5.14
5.16
5.24
5.30
5.30
5.41
5.42
5.43
5.45
5.56
5.63
5.65
5.68
5.72
5.79
5.80
5.85
5.90
5.96
5.98
5.99
6.04
6.11
6.14
6.15
6.21
6.26
6.27
6.32
6.35
6.44
6.46
6.47
6.49
6.51
6.56
6.58
6.70
6.71
6.75
6.83
6.88
6.93
7.04
7.05
7.25
7.26
7.43
7.44
7.45
7.48
7.59
7.76
7.83
7.83
8.02
8.03
8.22
8.23
8.37
8.47
8.61
8.62
8.73
8.95
9.01
9.01
9.07
9.16
9.16
9.18
9.30
9.36
9.41
9.43
9.45
9.46
9.46
9.46
9.46
9.46
9.46
9.46
9.46
9.46
9.46
9.46
9.46
9.46
9.46
9.46
9.46
9.46
9.46
9.46
9.46
9.46
9.46
9.46
9.46
9.47
9.47
9.47
9.47
9.47
9.47
9.47
9.47
9.47
9.47
9.47
9.47
9.47
9.47
9.47
9.47
9.47
9.47
9.47
9.47
9.47
9.47
9.47
9.47
9.47
9.47
9.47
9.47
9.47
9.47
9.47
9.47
9.47
9.47
9.47
9.47
9.47
9.47
9.47
9.47
9.47
9.47
9.47
9.47
9.47
9.47
9.47
9.47
9.47
9.47
9.47
9.47
9.47
9.47
9.47
9.47
9.47
9.47
9.47
9.47
9.47
9.48
9.48
9.48
9.48
9.48
9.48
9.48
9.48
9.48
9.48
9.48
9.49
9.49
9.49
9.49
9.49
9.49
9.49
9.49
9.49
9.49
9.49
9.49
9.49
9.49
9.49
9.49
9.49
9.49
9.49
9.49
9.49
9.49
9.49
9.49
9.49
9.49
9.49
9.49
9.49
9.49
9.51
9.51
9.51
9.51
9.51
9.51
9.51
9.51
9.51
9.51
9.51
9.51
9.51
9.51
9.51
9.51
9.51
9.51
9.51
9.51
9.51
9.51
9.51
9.51
9.51
9.51
9.51
9.51
9.51
9.51
9.51
9.51
9.51
9.51
9.51
9.51
9.51
9.51
9.51
9.51
9.51
9.51
9.51
9.51
9.51
9.51
9.51
9.51
9.51
9.51
9.51
9.51
9.51
9.51
9.51
9.51
9.51
9.51
9.51
9.51
9.51
9.51
9.51
9.51
9.51
9.51
9.51
9.51
9.51
9.51
9.51
9.51
9.51
9.51
9.51
9.51
9.51
9.51
9.51
9.51
9.51
9.51
9.51
9.51
9.51
9.51
9.51
9.51
9.51
9.51
9.51
9.51
9.51
9.51
9.51
9.51
9.51
9.51
9.51
9.51
9.51
9.51
9.51
9.51
9.51
9.51
9.51
9.51
9.51
9.51
9.51
9.51
9.51
9.51
9.51
9.51
9.51
9.51
9.51
9.51
9.51
9.51
9.51
9.51
9.51
9.51
9.51
9.51
9.57
9.77
9.79
9.79
9.79
9.79
9.79
9.79
9.79
9.79
9.79
9.79
9.79
9.79
9.79
9.79
9.79
9.79
9.79
9.79
9.79
9.79
9.79
9.79
9.79
9.79
9.79
9.79
9.79
9.79
9.79
9.79
9.79
9.79
9.79
9.79
9.79
9.79
9.79
9.79
9.79
9.79
9.79
9.79
9.79
9.79
9.79
9.79
9.79
9.79
9.79
9.79
9.79
