
7.37
7.37
7.42
7.44
7.46
7.46
7.46
7.47
7.48
7.49
7.51
7.51
7.51
7.52
7.52
7.52
7.52
7.52
7.52
7.52
7.52
7.55
7.55
7.55
7.55
7.55
7.56
7.56
7.57
7.58
7.58
7.58
7.59
7.59
7.59
7.60
7.61
7.62
7.62
7.62
7.62
7.63
7.64
7.64
7.65
7.65
7.65
7.65
7.66
7.66
7.68
7.68
7.68
7.68
7.68
7.69
7.70
7.70
7.70
7.71
7.71
7.71
7.71
7.72
7.72
7.72
7.72
7.73
7.73
7.73
7.73
7.74
7.74
7.74
7.75
7.75
7.76
7.76
7.76
7.76
7.76
7.77
7.77
7.77
7.78
7.78
7.79
7.79
7.80
7.80
7.80
7.81
7.81
7.82
7.82
7.82
7.83
7.83
7.85
7.86
7.86
7.87
7.87
7.87
7.88
7.89
7.89
7.90
7.90
7.90
7.90
7.91
7.92
7.94
7.94
7.94
7.95
7.95
7.95
7.96
7.97
7.98
7.98
8.00
8.00
8.00
8.00
8.01
8.01
8.01
8.02
8.02
8.03
8.03
8.06
8.07
8.08
8.08
8.09
8.09
8.11
8.12
8.12
8.14
8.15
8.15
8.16
8.16
8.16
8.19
8.19
8.20
8.22
8.22
8.22
8.23
8.23
8.25
8.26
8.27
8.28
8.32
8.32
8.33
8.36
8.37
8.40
8.41
8.41
8.41
8.41
8.46
8.60
8.61
8.62
8.64
8.64
8.64
8.76
8.82
8.88
8.93
9.07
9.09
9.09
9.23
9.23
9.32
9.35
9.38
9.38
9.38
9.39
9.40
9.41
9.42
9.42
9.43
9.43
9.43
9.43
9.43
9.43
9.44
9.44
9.44
9.44
9.44
9.44
9.44
9.44
9.44
9.44
9.44
9.44
9.44
9.45
9.45
9.45
9.45
9.45
9.45
9.45
9.45
9.45
9.45
9.45
9.45
9.45
9.45
9.45
9.45
9.45
9.45
9.45
9.45
9.45
9.45
9.45
9.45
9.45
9.45
9.45
9.45
9.45
9.45
9.46
9.46
9.46
9.46
9.46
9.46
9.46
9.46
9.46
9.46
9.46
9.46
9.46
9.46
9.46
9.46
9.46
9.46
9.46
9.46
9.46
9.46
9.46
9.46
9.46
9.46
9.46
9.46
9.46
9.46
9.46
9.46
9.46
9.46
9.46
9.46
9.46
9.46
9.46
9.46
9.46
9.46
9.46
9.46
9.46
9.46
9.46
9.46
9.46
9.46
9.47
9.47
9.47
9.47
9.47
9.47
9.47
9.47
9.47
9.47
9.47
9.47
9.47
9.47
9.48
9.48
9.48
9.48
9.48
9.48
9.49
9.49
9.49
9.51
9.51
9.51
9.51
9.51
9.51
9.51
9.51
9.51
9.51
9.51
9.51
9.51
9.51
9.51
9.51
9.51
9.51
9.51
9.51
9.51
9.51
9.51
9.51
9.51
9.51
9.51
9.51
9.51
9.51
9.51
9.51
9.51
9.51
9.51
9.51
9.51
9.51
9.51
9.51
9.51
9.51
9.51
9.51
9.51
9.51
9.51
9.51
9.51
9.51
9.51
9.51
9.51
9.51
9.51
9.51
9.51
9.51
9.51
9.51
9.51
9.51
9.51
9.51
9.51
9.51
9.51
9.51
9.51
9.51
9.51
9.51
9.51
9.51
9.51
9.51
9.51
9.51
9.51
9.51
9.51
9.51
9.51
9.51
9.51
9.51
9.51
9.51
9.51
9.51
9.51
9.51
9.51
9.51
9.51
9.51
9.51
9.51
9.51
9.51
9.51
9.51
9.51
9.51
9.51
9.51
9.51
9.51
9.51
9.51
9.51
9.51
9.51
9.51
9.51
9.51
9.51
9.51
9.51
9.51
9.51
9.51
9.51
9.51
9.51
9.51
9.51
9.51
9.53
9.79
9.79
9.79
9.79
9.79
9.79
9.79
9.79
9.79
9.79
9.79
9.79
9.79
9.79
9.79
9.79
9.79
9.79
9.79
9.79
9.79
9.79
9.79
9.79
9.79
9.79
9.79
9.79
9.79
9.79
9.79
9.79
9.79
9.79
9.79
9.79
9.79
9.79
9.79
9.79
9.79
9.79
9.79
9.79
9.79
9.79
9.79
9.79
9.79
9.79
9.79
9.79
