
7.52
7.54
7.59
7.60
7.60
7.63
7.65
7.67
7.69
7.69
7.70
7.70
7.71
7.72
7.72
7.73
7.74
7.76
7.77
7.78
7.79
7.80
7.80
7.82
7.83
7.83
7.83
7.84
7.84
7.86
7.87
7.88
7.90
7.90
7.92
7.92
7.94
7.95
7.95
7.96
7.97
7.98
8.00
8.02
8.05
8.08
8.09
8.11
8.11
8.16
8.17
8.22
8.23
8.27
8.30
8.30
8.39
8.41
8.45
8.57
8.61
8.77
8.90
9.09
9.35
9.41
9.44
9.44
9.44
9.45
9.45
9.45
9.45
9.47
9.47
9.47
9.47
9.47
9.47
9.48
9.48
9.48
9.48
9.49
9.49
9.49
9.49
9.49
9.49
9.49
9.49
9.49
9.50
9.50
9.50
9.50
9.50
9.50
9.50
9.50
9.50
9.50
9.50
9.50
9.50
9.50
9.50
9.50
9.50
9.50
9.50
9.50
9.50
9.50
9.50
9.50
9.50
9.50
9.51
9.51
9.51
9.51
9.51
9.51
9.51
9.51
9.51
9.51
9.51
9.51
9.51
9.51
9.51
9.51
9.51
9.51
9.51
9.51
9.51
9.51
9.51
9.51
9.51
9.52
9.52
9.52
9.52
9.52
9.52
9.52
9.52
9.52
9.52
9.52
9.52
9.52
9.52
9.52
9.52
9.52
9.52
9.52
9.52
9.52
9.52
9.52
9.52
9.52
9.52
9.52
9.52
9.52
9.52
9.53
9.53
9.53
9.53
9.53
9.53
9.53
9.53
9.53
9.53
9.53
9.53
9.53
9.53
9.53
9.53
9.53
9.53
9.53
9.79
9.79
9.79
9.79
9.80
9.80
9.80
9.80
9.80
9.80
9.80
9.80
9.80
9.80
9.80
9.80
9.80
9.80
9.80
9.80
9.80
9.80
9.80
9.80
9.80
9.81
9.81
9.81
9.81
9.81
9.81
9.81
9.81
9.81
9.81
9.81
9.81
9.81
9.81
9.81
9.81
9.81
9.81
9.81
9.81
9.81
9.81
9.81
9.81
9.81
9.81
9.81
9.81
9.81
9.82
9.82
9.82
9.84
9.84
9.84
9.84
9.84
9.84
9.84
