
0.38
0.42
0.64
0.79
0.93
0.97
1.29
1.44
1.58
1.63
1.95
2.09
2.23
2.28
2.60
2.74
2.82
2.87
3.07
3.22
3.30
3.35
3.48
3.62
3.77
3.84
3.93
4.07
4.20
4.30
4.33
4.42
4.60
4.68
4.68
4.77
4.95
5.03
5.03
5.12
5.29
5.37
5.38
5.52
5.66
5.67
5.73
5.84
6.05
6.18
6.19
6.31
6.53
6.65
6.74
6.85
7.01
7.17
7.60
7.99
8.38
8.46
8.83
9.13
9.47
9.47
9.47
9.47
9.47
9.47
9.47
9.47
9.47
9.47
9.47
9.47
9.47
9.47
9.47
9.47
9.47
9.47
9.47
9.47
9.47
9.47
9.47
9.47
9.47
9.47
9.47
9.47
9.47
9.47
9.47
9.47
9.47
9.47
9.47
9.47
9.47
9.47
9.47
9.47
9.47
9.47
9.47
9.47
9.47
9.47
9.47
9.47
9.47
9.47
9.47
9.47
9.47
9.47
9.47
9.47
9.47
9.47
9.47
9.47
9.47
9.47
9.47
9.47
9.47
9.47
9.47
9.47
9.47
9.47
9.47
9.47
9.47
9.47
9.47
9.47
9.47
9.47
9.47
9.47
9.47
9.47
9.47
9.47
9.47
9.47
9.47
9.47
9.47
9.47
9.47
9.47
9.47
9.47
9.47
9.47
9.47
9.47
9.47
9.47
9.47
9.47
9.47
9.47
9.47
9.47
9.47
9.47
9.47
9.47
9.47
9.47
9.47
9.47
9.47
9.47
9.47
9.47
9.47
9.47
9.47
9.47
9.48
9.48
9.48
9.48
9.48
9.48
9.79
9.79
9.79
9.79
9.79
9.79
9.79
9.79
9.79
9.79
9.79
9.79
9.79
9.79
9.79
9.79
9.79
9.79
9.79
9.79
9.79
9.79
9.79
9.79
9.79
9.79
9.79
9.79
9.79
9.79
9.79
9.79
9.79
9.79
9.79
9.79
9.79
9.79
9.79
9.79
9.79
9.79
9.79
9.79
9.79
9.79
9.79
9.79
9.79
9.79
9.79
9.79
9.79
9.79
9.79
9.79
9.79
9.79
9.79
9.79
9.79
9.79
9.79
9.79
