
6.12
6.19
6.24
6.25
6.26
6.30
6.30
6.31
6.42
6.43
6.46
6.46
6.48
6.50
6.52
6.54
6.54
6.54
6.55
6.56
6.57
6.57
6.60
6.61
6.63
6.64
6.68
6.69
6.73
6.74
6.77
6.78
6.78
6.79
6.83
6.84
6.85
6.85
6.85
6.91
6.93
6.95
6.95
6.95
7.01
7.06
7.09
7.14
7.18
7.26
7.26
7.33
7.33
7.40
7.44
7.45
7.57
7.57
7.76
8.05
8.09
8.58
8.95
9.30
9.34
9.35
9.38
9.39
9.40
9.40
9.40
9.41
9.41
9.41
9.41
9.41
9.41
9.42
9.43
9.44
9.44
9.44
9.44
9.44
9.44
9.44
9.45
9.46
9.46
9.46
9.46
9.46
9.46
9.46
9.46
9.46
9.46
9.46
9.46
9.46
9.46
9.46
9.46
9.46
9.46
9.46
9.46
9.46
9.47
9.47
9.47
9.47
9.47
9.47
9.47
9.47
9.47
9.47
9.47
9.47
9.47
9.47
9.47
9.47
9.47
9.47
9.47
9.47
9.47
9.47
9.47
9.47
9.47
9.47
9.47
9.47
9.47
9.47
9.47
9.47
9.47
9.47
9.47
9.47
9.47
9.47
9.47
9.47
9.47
9.47
9.47
9.48
9.48
9.48
9.48
9.48
9.48
9.48
9.48
9.48
9.48
9.48
9.48
9.48
9.48
9.48
9.48
9.48
9.48
9.48
9.48
9.48
9.48
9.48
9.48
9.48
9.48
9.48
9.48
9.48
9.48
9.48
9.48
9.48
9.48
9.48
9.48
9.50
9.50
9.50
9.51
9.52
9.79
9.79
9.79
9.79
9.79
9.79
9.79
9.79
9.79
9.79
9.79
9.79
9.79
9.79
9.79
9.79
9.79
9.79
9.79
9.79
9.79
9.79
9.79
9.79
9.79
9.79
9.79
9.79
9.79
9.79
9.79
9.79
9.79
9.79
9.79
9.79
9.79
9.79
9.79
9.79
9.79
9.79
9.79
9.79
9.79
9.79
9.79
9.79
9.79
9.79
9.79
9.79
9.79
9.79
9.79
9.79
9.79
9.79
9.79
9.79
9.79
9.79
9.79
9.79
